0.000406504065041 0.000406504065041 0.000406504065041 0.122357723577 0.000406504065041 0.0166666666667 0.0126016260163 0.84593495935 0.000406504065041 0.000406504065041 
0.238983050847 0.171186440678 0.00169491525424 0.357627118644 0.00169491525424 0.0186440677966 0.00169491525424 0.00169491525424 0.205084745763 0.00169491525424 
0.000952380952381 0.000952380952381 0.0104761904762 0.334285714286 0.000952380952381 0.000952380952381 0.0295238095238 0.172380952381 0.448571428571 0.000952380952381 
0.00188679245283 0.00188679245283 0.00188679245283 0.247169811321 0.00188679245283 0.00188679245283 0.0207547169811 0.00188679245283 0.00188679245283 0.718867924528 
0.00358306188925 0.000325732899023 0.0100977198697 0.000325732899023 0.58338762215 0.000325732899023 0.00684039087948 0.000325732899023 0.0654723127036 0.329315960912 
0.0562925170068 0.000170068027211 0.000170068027211 0.000170068027211 0.0103741496599 0.748469387755 0.100510204082 0.000170068027211 0.0171768707483 0.0664965986395 
0.000383141762452 0.092337164751 0.000383141762452 0.000383141762452 0.000383141762452 0.0961685823755 0.808812260536 0.000383141762452 0.000383141762452 0.000383141762452 
0.000806451612903 0.000806451612903 0.000806451612903 0.000806451612903 0.000806451612903 0.000806451612903 0.992741935484 0.000806451612903 0.000806451612903 0.000806451612903 
0.00285714285714 0.00285714285714 0.0314285714286 0.26 0.00285714285714 0.00285714285714 0.602857142857 0.0885714285714 0.00285714285714 0.00285714285714 
0.00166919575114 0.000151745068285 0.000151745068285 0.000151745068285 0.0502276176024 0.138239757208 0.000151745068285 0.758877086495 0.0502276176024 0.000151745068285 
0.0777089783282 0.511145510836 0.00340557275542 0.117956656347 0.0993808049536 0.0684210526316 0.0777089783282 0.00030959752322 0.043653250774 0.00030959752322 
0.000171526586621 0.0979416809605 0.0550600343053 0.000171526586621 0.0722126929674 0.00703259005146 0.000171526586621 0.00874785591767 0.617667238422 0.140823327616 
0.0030303030303 0.0030303030303 0.0030303030303 0.548484848485 0.0030303030303 0.0030303030303 0.0030303030303 0.245454545455 0.184848484848 0.0030303030303 
0.00181818181818 0.00181818181818 0.00181818181818 0.22 0.00181818181818 0.00181818181818 0.110909090909 0.274545454545 0.383636363636 0.00181818181818 
0.100400801603 0.0623246492986 0.000200400801603 0.000200400801603 0.000200400801603 0.182565130261 0.523246492986 0.130460921844 0.000200400801603 0.000200400801603 
0.000378787878788 0.0534090909091 0.0268939393939 0.000378787878788 0.00416666666667 0.3375 0.576136363636 0.000378787878788 0.000378787878788 0.000378787878788 
0.00102040816327 0.00102040816327 0.00102040816327 0.00102040816327 0.470408163265 0.113265306122 0.409183673469 0.00102040816327 0.00102040816327 0.00102040816327 
0.000943396226415 0.000943396226415 0.000943396226415 0.255660377358 0.000943396226415 0.000943396226415 0.000943396226415 0.000943396226415 0.595283018868 0.142452830189 
0.195021645022 0.00021645021645 0.236147186147 0.00021645021645 0.00021645021645 0.037012987013 0.00238095238095 0.00021645021645 0.00238095238095 0.52619047619 
0.00119047619048 0.0964285714286 0.00119047619048 0.489285714286 0.322619047619 0.00119047619048 0.00119047619048 0.0845238095238 0.00119047619048 0.00119047619048 
0.536159775753 0.321723896286 7.00770847933e-05 7.00770847933e-05 0.049824807288 0.0266993693062 7.00770847933e-05 0.00637701471619 0.0575332866153 0.00147161878066 
0.000162866449511 0.000162866449511 0.169543973941 0.487133550489 0.205374592834 0.000162866449511 0.000162866449511 0.000162866449511 0.0376221498371 0.0995114006515 
0.114507772021 0.0160621761658 0.845077720207 0.000518134715026 0.0160621761658 0.00569948186528 0.000518134715026 0.000518134715026 0.000518134715026 0.000518134715026 
0.000231481481481 0.502546296296 0.0604166666667 0.000231481481481 0.000231481481481 0.118287037037 0.000231481481481 0.000231481481481 0.0743055555556 0.243287037037 
0.225 0.00131578947368 0.514473684211 0.238157894737 0.00131578947368 0.00131578947368 0.00131578947368 0.00131578947368 0.00131578947368 0.0144736842105 
0.0027027027027 0.0027027027027 0.0027027027027 0.245945945946 0.732432432432 0.0027027027027 0.0027027027027 0.0027027027027 0.0027027027027 0.0027027027027 
0.0541778975741 0.00296495956873 0.0245283018868 0.000269541778976 0.159299191375 0.0191374663073 0.000269541778976 0.738814016173 0.000269541778976 0.000269541778976 
0.000416666666667 0.000416666666667 0.000416666666667 0.0545833333333 0.000416666666667 0.429583333333 0.512916666667 0.000416666666667 0.000416666666667 0.000416666666667 
0.152830188679 0.0207547169811 0.00188679245283 0.379245283019 0.00188679245283 0.341509433962 0.077358490566 0.00188679245283 0.0207547169811 0.00188679245283 
0.0010752688172 0.11935483871 0.0010752688172 0.248387096774 0.0010752688172 0.0010752688172 0.0010752688172 0.183870967742 0.0763440860215 0.366666666667 
0.0703588143526 0.00015600624025 0.619500780031 0.00015600624025 0.15616224649 0.0157566302652 0.00015600624025 0.00015600624025 0.00171606864275 0.135881435257 
0.000157977883096 0.000157977883096 0.000157977883096 0.000157977883096 0.0744075829384 0.000157977883096 0.0238546603476 0.000157977883096 0.86429699842 0.0364928909953 
0.00114942528736 0.00114942528736 0.173563218391 0.357471264368 0.00114942528736 0.00114942528736 0.00114942528736 0.00114942528736 0.00114942528736 0.46091954023 
0.0144736842105 0.00131578947368 0.738157894737 0.238157894737 0.00131578947368 0.00131578947368 0.00131578947368 0.00131578947368 0.00131578947368 0.00131578947368 
0.0961661341853 0.000319488817891 0.000319488817891 0.00351437699681 0.345367412141 0.508306709265 0.0130990415335 0.000319488817891 0.032268370607 0.000319488817891 
0.348780487805 0.000348432055749 0.000348432055749 0.000348432055749 0.380139372822 0.000348432055749 0.0212543554007 0.000348432055749 0.226829268293 0.0212543554007 
0.00161290322581 0.00161290322581 0.582258064516 0.275806451613 0.00161290322581 0.00161290322581 0.00161290322581 0.00161290322581 0.00161290322581 0.13064516129 
0.0152173913043 0.000724637681159 0.000724637681159 0.297826086957 0.000724637681159 0.000724637681159 0.000724637681159 0.363043478261 0.319565217391 0.000724637681159 
0.00217391304348 0.0239130434783 0.0239130434783 0.00217391304348 0.00217391304348 0.0239130434783 0.00217391304348 0.0239130434783 0.0891304347826 0.80652173913 
0.00384615384615 0.00384615384615 0.00384615384615 0.965384615385 0.00384615384615 0.00384615384615 0.00384615384615 0.00384615384615 0.00384615384615 0.00384615384615 
0.00222222222222 0.402222222222 0.00222222222222 0.513333333333 0.00222222222222 0.00222222222222 0.00222222222222 0.0688888888889 0.00222222222222 0.00222222222222 
0.000261780104712 0.0133507853403 0.000261780104712 0.000261780104712 0.000261780104712 0.00287958115183 0.981937172775 0.000261780104712 0.000261780104712 0.000261780104712 
0.0157142857143 0.00142857142857 0.715714285714 0.244285714286 0.0157142857143 0.00142857142857 0.00142857142857 0.00142857142857 0.00142857142857 0.00142857142857 
0.000352112676056 0.000352112676056 0.623591549296 0.000352112676056 0.000352112676056 0.000352112676056 0.000352112676056 0.0461267605634 0.285563380282 0.0426056338028 
0.000564971751412 0.000564971751412 0.000564971751412 0.814124293785 0.000564971751412 0.000564971751412 0.000564971751412 0.000564971751412 0.000564971751412 0.181355932203 
0.212462612164 9.97008973081e-05 0.125722831505 0.00408773678963 0.387936191426 0.124725822532 9.97008973081e-05 0.0519441674975 0.0898305084746 0.00309072781655 
0.107718120805 0.188255033557 0.114429530201 0.000335570469799 0.000335570469799 0.000335570469799 0.000335570469799 0.000335570469799 0.000335570469799 0.587583892617 
0.0016393442623 0.0016393442623 0.0016393442623 0.198360655738 0.37868852459 0.37868852459 0.0180327868852 0.0180327868852 0.0016393442623 0.0016393442623 
0.0284507042254 0.127042253521 0.0171830985915 0.0143661971831 0.273521126761 0.335492957746 0.107323943662 0.0960563380282 0.000281690140845 0.000281690140845 
0.000704225352113 0.000704225352113 0.183802816901 0.303521126761 0.000704225352113 0.0711267605634 0.000704225352113 0.000704225352113 0.437323943662 0.000704225352113 
0.000884955752212 0.000884955752212 0.00973451327434 0.195575221239 0.0805309734513 0.000884955752212 0.0451327433628 0.505309734513 0.16017699115 0.000884955752212 
0.000247524752475 0.0522277227723 0.044801980198 0.42103960396 0.0373762376238 0.354207920792 0.000247524752475 0.0893564356436 0.000247524752475 0.000247524752475 
0.00114942528736 0.00114942528736 0.00114942528736 0.00114942528736 0.644827586207 0.00114942528736 0.00114942528736 0.0701149425287 0.0701149425287 0.208045977011 
0.00025706940874 0.00025706940874 0.00282776349614 0.0131105398458 0.00025706940874 0.920565552699 0.0619537275064 0.00025706940874 0.00025706940874 0.00025706940874 
0.000255102040816 0.0257653061224 0.000255102040816 0.0946428571429 0.000255102040816 0.0716836734694 0.80637755102 0.000255102040816 0.000255102040816 0.000255102040816 
0.000236406619385 0.000236406619385 0.520330969267 0.000236406619385 0.366666666667 0.000236406619385 0.000236406619385 0.000236406619385 0.000236406619385 0.11134751773 
0.000564971751412 0.0514124293785 0.000564971751412 0.000564971751412 0.486440677966 0.000564971751412 0.000564971751412 0.0570621468927 0.254802259887 0.147457627119 
0.00153846153846 0.00153846153846 0.0630769230769 0.278461538462 0.00153846153846 0.00153846153846 0.00153846153846 0.00153846153846 0.00153846153846 0.647692307692 
0.509691629956 0.0867841409692 0.0897209985316 0.00455212922173 0.00014684287812 0.101468428781 0.00161527165932 0.00014684287812 0.0324522760646 0.17342143906 
0.0172268907563 0.013025210084 0.693697478992 0.0886554621849 0.0928571428571 0.000420168067227 0.000420168067227 0.000420168067227 0.013025210084 0.0802521008403 
0.00344827586207 0.00344827586207 0.00344827586207 0.762068965517 0.00344827586207 0.00344827586207 0.0379310344828 0.175862068966 0.00344827586207 0.00344827586207 
0.000485436893204 0.000485436893204 0.000485436893204 0.126699029126 0.214077669903 0.515048543689 0.00533980582524 0.0538834951456 0.000485436893204 0.0830097087379 
0.000401606425703 0.000401606425703 0.0847389558233 0.040562248996 0.0204819277108 0.000401606425703 0.00441767068273 0.000401606425703 0.00441767068273 0.843775100402 
0.000320512820513 0.000320512820513 0.0163461538462 0.000320512820513 0.750320512821 0.000320512820513 0.000320512820513 0.0323717948718 0.199038461538 0.000320512820513 
0.00140845070423 0.00140845070423 0.0577464788732 0.170422535211 0.0295774647887 0.254929577465 0.00140845070423 0.00140845070423 0.00140845070423 0.480281690141 
0.00234042553191 0.00446808510638 0.00234042553191 0.000212765957447 0.157659574468 0.104468085106 0.000212765957447 0.0172340425532 0.00234042553191 0.708723404255 
0.515277777778 0.00138888888889 0.223611111111 0.126388888889 0.0569444444444 0.0152777777778 0.00138888888889 0.00138888888889 0.0569444444444 0.00138888888889 
0.0025641025641 0.0025641025641 0.0025641025641 0.464102564103 0.0025641025641 0.0025641025641 0.0025641025641 0.464102564103 0.0538461538462 0.0025641025641 
0.161333333333 0.0146666666667 0.468 0.214666666667 0.134666666667 0.00133333333333 0.00133333333333 0.00133333333333 0.00133333333333 0.00133333333333 
0.0142857142857 0.403896103896 0.0012987012987 0.312987012987 0.0142857142857 0.0012987012987 0.17012987013 0.0532467532468 0.0142857142857 0.0142857142857 
0.301908396947 0.00419847328244 0.691221374046 0.000381679389313 0.000381679389313 0.000381679389313 0.000381679389313 0.000381679389313 0.000381679389313 0.000381679389313 
0.000446428571429 0.000446428571429 0.000446428571429 0.000446428571429 0.920089285714 0.000446428571429 0.000446428571429 0.00491071428571 0.0183035714286 0.0540178571429 
0.00135135135135 0.00135135135135 0.244594594595 0.433783783784 0.00135135135135 0.0148648648649 0.00135135135135 0.00135135135135 0.00135135135135 0.298648648649 
0.000591715976331 0.000591715976331 0.000591715976331 0.189940828402 0.000591715976331 0.130769230769 0.598224852071 0.000591715976331 0.0775147928994 0.000591715976331 
0.0174603174603 0.0015873015873 0.0015873015873 0.461904761905 0.0333333333333 0.0015873015873 0.477777777778 0.0015873015873 0.0015873015873 0.0015873015873 
0.00042194092827 0.00042194092827 0.00042194092827 0.0721518987342 0.198734177215 0.00042194092827 0.00042194092827 0.726160337553 0.00042194092827 0.00042194092827 
0.0144736842105 0.00131578947368 0.00131578947368 0.330263157895 0.317105263158 0.0144736842105 0.0144736842105 0.00131578947368 0.00131578947368 0.303947368421 
0.0037037037037 0.0037037037037 0.0037037037037 0.966666666667 0.0037037037037 0.0037037037037 0.0037037037037 0.0037037037037 0.0037037037037 0.0037037037037 
0.0861635220126 0.00859538784067 0.00859538784067 0.00020964360587 0.00020964360587 0.448846960168 0.442557651992 0.00440251572327 0.00020964360587 0.00020964360587 
0.125892857143 0.000892857142857 0.241964285714 0.26875 0.0991071428571 0.000892857142857 0.000892857142857 0.000892857142857 0.188392857143 0.0723214285714 
0.00521091811414 0.000248138957816 0.000248138957816 0.000248138957816 0.106947890819 0.00521091811414 0.000248138957816 0.164019851117 0.717369727047 0.000248138957816 
0.00113636363636 0.103409090909 0.00113636363636 0.114772727273 0.00113636363636 0.00113636363636 0.603409090909 0.126136363636 0.00113636363636 0.0465909090909 
0.0278723404255 0.640638297872 0.00234042553191 0.03 0.00446808510638 0.164042553191 0.0491489361702 0.000212765957447 0.0321276595745 0.0491489361702 
0.0025641025641 0.0025641025641 0.0025641025641 0.387179487179 0.0025641025641 0.0025641025641 0.0025641025641 0.592307692308 0.0025641025641 0.0025641025641 
0.000757575757576 0.000757575757576 0.000757575757576 0.00833333333333 0.000757575757576 0.000757575757576 0.985606060606 0.000757575757576 0.000757575757576 0.000757575757576 
0.00111111111111 0.00111111111111 0.00111111111111 0.156666666667 0.00111111111111 0.00111111111111 0.00111111111111 0.00111111111111 0.00111111111111 0.834444444444 
0.000877192982456 0.00964912280702 0.000877192982456 0.000877192982456 0.000877192982456 0.000877192982456 0.974561403509 0.00964912280702 0.000877192982456 0.000877192982456 
0.0191588785047 0.000467289719626 0.0144859813084 0.000467289719626 0.000467289719626 0.0191588785047 0.935046728972 0.000467289719626 0.00981308411215 0.000467289719626 
0.501515151515 0.00151515151515 0.289393939394 0.198484848485 0.00151515151515 0.00151515151515 0.00151515151515 0.00151515151515 0.00151515151515 0.00151515151515 
0.351162790698 0.00232558139535 0.00232558139535 0.63023255814 0.00232558139535 0.00232558139535 0.00232558139535 0.00232558139535 0.00232558139535 0.00232558139535 
0.0818518518519 0.00037037037037 0.00037037037037 0.00037037037037 0.00037037037037 0.0633333333333 0.848518518519 0.00037037037037 0.00407407407407 0.00037037037037 
0.0515748031496 0.000393700787402 0.000393700787402 0.000393700787402 0.102755905512 0.000393700787402 0.000393700787402 0.0279527559055 0.146062992126 0.66968503937 
0.123901098901 0.000274725274725 0.862912087912 0.000274725274725 0.000274725274725 0.00851648351648 0.00302197802198 0.000274725274725 0.000274725274725 0.000274725274725 
0.103442622951 0.147704918033 0.00016393442623 0.00016393442623 0.00180327868852 0.298524590164 0.396885245902 0.0509836065574 0.00016393442623 0.00016393442623 
0.103973509934 0.126048565121 0.00242825607064 0.000220750551876 0.000220750551876 0.174613686534 0.55651214128 0.017880794702 0.000220750551876 0.017880794702 
0.0519193857965 9.59692898273e-05 9.59692898273e-05 9.59692898273e-05 0.184357005758 0.0480806142035 9.59692898273e-05 9.59692898273e-05 0.712188099808 0.00297504798464 
0.093867120954 0.047870528109 0.000170357751278 0.000170357751278 0.000170357751278 0.0597955706985 0.782112436116 0.000170357751278 0.0137989778535 0.00187393526405 
0.0912587412587 0.00034965034965 0.00034965034965 0.00034965034965 0.00034965034965 0.0842657342657 0.776573426573 0.00034965034965 0.00034965034965 0.0458041958042 
0.502919020716 9.41619585687e-05 0.0914312617702 9.41619585687e-05 0.135687382298 0.00103578154426 9.41619585687e-05 9.41619585687e-05 0.268455743879 9.41619585687e-05 
0.242929292929 0.197474747475 0.182323232323 0.202525252525 0.000505050505051 0.0863636363636 0.000505050505051 0.0762626262626 0.0106060606061 0.000505050505051 
0.00037037037037 0.0225925925926 0.00037037037037 0.00037037037037 0.00037037037037 0.00037037037037 0.00037037037037 0.00777777777778 0.211481481481 0.755925925926 
0.346782178218 0.00519801980198 0.440841584158 0.00272277227723 0.188366336634 0.000247524752475 0.000247524752475 0.015099009901 0.000247524752475 0.000247524752475 
0.00144927536232 0.624637681159 0.00144927536232 0.305797101449 0.00144927536232 0.00144927536232 0.00144927536232 0.0594202898551 0.00144927536232 0.00144927536232 
0.000632911392405 0.000632911392405 0.133544303797 0.000632911392405 0.570253164557 0.000632911392405 0.000632911392405 0.000632911392405 0.000632911392405 0.291772151899 
0.000854700854701 0.00940170940171 0.291452991453 0.205982905983 0.000854700854701 0.317094017094 0.000854700854701 0.171794871795 0.000854700854701 0.000854700854701 
0.00046511627907 0.00046511627907 0.00046511627907 0.00046511627907 0.00046511627907 0.0283720930233 0.926046511628 0.00046511627907 0.0423255813953 0.00046511627907 
0.00111111111111 0.0344444444444 0.256666666667 0.19 0.00111111111111 0.00111111111111 0.00111111111111 0.00111111111111 0.512222222222 0.00111111111111 
0.000245098039216 0.120343137255 0.00269607843137 0.000245098039216 0.0517156862745 0.554166666667 0.264950980392 0.000245098039216 0.00514705882353 0.000245098039216 
0.00243902439024 0.124390243902 0.00243902439024 0.758536585366 0.00243902439024 0.00243902439024 0.00243902439024 0.00243902439024 0.0512195121951 0.0512195121951 
0.0636842105263 0.00578947368421 0.000526315789474 0.000526315789474 0.0373684210526 0.000526315789474 0.000526315789474 0.000526315789474 0.000526315789474 0.89 
0.000301204819277 0.241265060241 0.0334337349398 0.202108433735 0.14186746988 0.129819277108 0.000301204819277 0.000301204819277 0.235240963855 0.0153614457831 
0.0244198895028 0.0686187845304 0.00121546961326 0.00121546961326 0.705082872928 0.000110497237569 0.000110497237569 0.0509392265193 0.14817679558 0.000110497237569 
0.000303951367781 0.000303951367781 0.000303951367781 0.000303951367781 0.507902735562 0.000303951367781 0.012462006079 0.0489361702128 0.000303951367781 0.428875379939 
0.000299401197605 0.000299401197605 0.000299401197605 0.0452095808383 0.275748502994 0.000299401197605 0.00928143712575 0.114071856287 0.554191616766 0.000299401197605 
0.00019267822736 0.0271676300578 0.00211946050096 0.00019267822736 0.855684007707 0.040655105973 0.00019267822736 0.00019267822736 0.011753371869 0.0618497109827 
0.0233082706767 0.000751879699248 0.00827067669173 0.233834586466 0.000751879699248 0.000751879699248 0.000751879699248 0.136090225564 0.000751879699248 0.594736842105 
0.258139534884 0.188372093023 0.00232558139535 0.304651162791 0.00232558139535 0.00232558139535 0.00232558139535 0.00232558139535 0.0255813953488 0.211627906977 
0.0015625 0.0015625 0.2359375 0.1890625 0.0015625 0.0015625 0.0015625 0.0015625 0.1734375 0.3921875 
0.00112359550562 0.0460674157303 0.00112359550562 0.338202247191 0.315730337079 0.00112359550562 0.0123595505618 0.00112359550562 0.00112359550562 0.28202247191 
0.000854700854701 0.000854700854701 0.000854700854701 0.103418803419 0.000854700854701 0.000854700854701 0.000854700854701 0.0179487179487 0.00940170940171 0.864102564103 
0.000271002710027 0.000271002710027 0.00569105691057 0.000271002710027 0.780758807588 0.00569105691057 0.000271002710027 0.0273712737127 0.179132791328 0.000271002710027 
0.00112359550562 0.00112359550562 0.00112359550562 0.102247191011 0.203370786517 0.0460674157303 0.00112359550562 0.00112359550562 0.0123595505618 0.630337078652 
0.0909574468085 0.075 0.000531914893617 0.000531914893617 0.000531914893617 0.000531914893617 0.000531914893617 0.011170212766 0.0271276595745 0.793085106383 
0.001 0.001 0.001 0.691 0.001 0.071 0.001 0.001 0.001 0.231 
0.000452488687783 0.000452488687783 0.000452488687783 0.00497737556561 0.00497737556561 0.0140271493213 0.973303167421 0.000452488687783 0.000452488687783 0.000452488687783 
0.00125 0.00125 0.00125 0.05125 0.00125 0.10125 0.00125 0.63875 0.20125 0.00125 
0.00117647058824 0.00117647058824 0.00117647058824 0.189411764706 0.00117647058824 0.0129411764706 0.00117647058824 0.212941176471 0.577647058824 0.00117647058824 
0.0157142857143 0.00142857142857 0.215714285714 0.372857142857 0.315714285714 0.0728571428571 0.00142857142857 0.00142857142857 0.00142857142857 0.00142857142857 
0.000574712643678 0.0810344827586 0.00632183908046 0.15 0.15 0.420114942529 0.000574712643678 0.00632183908046 0.184482758621 0.000574712643678 
0.000909090909091 0.000909090909091 0.000909090909091 0.0281818181818 0.128181818182 0.137272727273 0.146363636364 0.546363636364 0.01 0.000909090909091 
0.000169779286927 0.0018675721562 0.0171477079796 0.000169779286927 0.000169779286927 0.0460101867572 0.933955857385 0.000169779286927 0.000169779286927 0.000169779286927 
0.00166666666667 0.00166666666667 0.00166666666667 0.568333333333 0.0183333333333 0.00166666666667 0.00166666666667 0.00166666666667 0.00166666666667 0.401666666667 
0.0714964370546 0.700950118765 0.000237529691211 0.0691211401425 0.000237529691211 0.0857482185273 0.000237529691211 0.000237529691211 0.0714964370546 0.000237529691211 
0.0001953125 0.0060546875 0.1466796875 0.0041015625 0.1701171875 0.0001953125 0.0001953125 0.2462890625 0.1291015625 0.2970703125 
0.676157407407 0.000231481481481 0.301157407407 0.00717592592593 0.0141203703704 0.000231481481481 0.000231481481481 0.000231481481481 0.000231481481481 0.000231481481481 
0.00147058823529 0.00147058823529 0.00147058823529 0.0161764705882 0.00147058823529 0.00147058823529 0.972058823529 0.00147058823529 0.00147058823529 0.00147058823529 
0.00227272727273 0.00227272727273 0.184090909091 0.706818181818 0.0477272727273 0.00227272727273 0.00227272727273 0.00227272727273 0.00227272727273 0.0477272727273 
0.251315789474 0.00131578947368 0.514473684211 0.198684210526 0.00131578947368 0.00131578947368 0.00131578947368 0.0276315789474 0.00131578947368 0.00131578947368 
0.124884792627 0.000460829493088 0.000460829493088 0.000460829493088 0.258525345622 0.106451612903 0.000460829493088 0.461290322581 0.00506912442396 0.041935483871 
0.000719424460432 0.000719424460432 0.000719424460432 0.058273381295 0.187769784173 0.036690647482 0.151798561151 0.151798561151 0.0654676258993 0.346043165468 
0.000877192982456 0.00964912280702 0.000877192982456 0.000877192982456 0.000877192982456 0.000877192982456 0.983333333333 0.000877192982456 0.000877192982456 0.000877192982456 
0.0307106598985 0.000253807106599 0.855583756345 0.0230964467005 0.000253807106599 0.000253807106599 0.000253807106599 0.000253807106599 0.000253807106599 0.0890862944162 
0.000490196078431 0.000490196078431 0.000490196078431 0.000490196078431 0.000490196078431 0.0200980392157 0.000490196078431 0.025 0.0936274509804 0.858333333333 
7.7519379845e-05 0.0117054263566 7.7519379845e-05 7.7519379845e-05 0.686899224806 0.00782945736434 7.7519379845e-05 0.131085271318 0.0783720930233 0.0837984496124 
0.27625 0.16375 0.00125 0.52625 0.00125 0.00125 0.00125 0.02625 0.00125 0.00125 
0.105736636245 0.13963494133 0.00013037809648 0.00013037809648 0.247848761408 0.0757496740548 0.00013037809648 0.00013037809648 0.00013037809648 0.43037809648 
0.000328947368421 0.000328947368421 0.000328947368421 0.000328947368421 0.000328947368421 0.000328947368421 0.997039473684 0.000328947368421 0.000328947368421 0.000328947368421 
0.000473933649289 0.000473933649289 0.000473933649289 0.000473933649289 0.000473933649289 0.000473933649289 0.995734597156 0.000473933649289 0.000473933649289 0.000473933649289 
0.00113636363636 0.00113636363636 0.364772727273 0.239772727273 0.0238636363636 0.0920454545455 0.0238636363636 0.00113636363636 0.251136363636 0.00113636363636 
0.00078125 0.00078125 0.12578125 0.10234375 0.32109375 0.00078125 0.02421875 0.00078125 0.14140625 0.28203125 
0.00108695652174 0.00108695652174 0.120652173913 0.0771739130435 0.00108695652174 0.00108695652174 0.00108695652174 0.707608695652 0.0880434782609 0.00108695652174 
0.121016483516 0.0619505494505 0.0276098901099 0.00288461538462 0.000137362637363 0.000137362637363 0.0166208791209 0.0317307692308 0.599038461538 0.138873626374 
0.00151515151515 0.00151515151515 0.00151515151515 0.00151515151515 0.00151515151515 0.00151515151515 0.986363636364 0.00151515151515 0.00151515151515 0.00151515151515 
0.000253807106599 0.00532994923858 0.000253807106599 0.000253807106599 0.000253807106599 0.000253807106599 0.992639593909 0.000253807106599 0.000253807106599 0.000253807106599 
0.159416445623 0.00026525198939 0.00026525198939 0.00291777188329 0.00026525198939 0.55198938992 0.217771883289 0.0665782493369 0.00026525198939 0.00026525198939 
0.0270053475936 0.00294117647059 0.0858288770053 0.000267379679144 0.839839572193 0.000267379679144 0.000267379679144 0.0243315508021 0.0189839572193 0.000267379679144 
0.00015479876161 0.00170278637771 0.00015479876161 0.00015479876161 0.133281733746 0.00015479876161 0.00015479876161 0.832972136223 0.0311145510836 0.00015479876161 
0.000561797752809 0.011797752809 0.000561797752809 0.0230337078652 0.124157303371 0.18595505618 0.315168539326 0.33202247191 0.000561797752809 0.0061797752809 
0.00120481927711 0.00120481927711 0.00120481927711 0.80843373494 0.00120481927711 0.00120481927711 0.00120481927711 0.0132530120482 0.0493975903614 0.121686746988 
0.205996758509 0.0504051863857 0.00178282009724 0.000162074554295 0.0244732576985 0.340518638574 0.167098865478 0.000162074554295 0.189789303079 0.0196110210697 
0.00208333333333 0.00208333333333 0.10625 0.522916666667 0.00208333333333 0.00208333333333 0.00208333333333 0.35625 0.00208333333333 0.00208333333333 
0.00144927536232 0.00144927536232 0.00144927536232 0.160869565217 0.00144927536232 0.00144927536232 0.00144927536232 0.00144927536232 0.0159420289855 0.813043478261 
0.0126436781609 0.0126436781609 0.345977011494 0.483908045977 0.00114942528736 0.00114942528736 0.00114942528736 0.00114942528736 0.0471264367816 0.0931034482759 
0.000313479623824 0.000313479623824 0.000313479623824 0.0442006269592 0.000313479623824 0.0379310344828 0.000313479623824 0.106896551724 0.809090909091 0.000313479623824 
0.00875 0.000416666666667 0.0670833333333 0.000416666666667 0.000416666666667 0.000416666666667 0.000416666666667 0.92125 0.000416666666667 0.000416666666667 
0.0640845070423 0.627464788732 0.000704225352113 0.303521126761 0.000704225352113 0.000704225352113 0.000704225352113 0.000704225352113 0.000704225352113 0.000704225352113 
0.0549180327869 0.183333333333 0.0139344262295 0.0357923497268 0.000273224043716 0.672404371585 0.0385245901639 0.000273224043716 0.000273224043716 0.000273224043716 
0.000383141762452 0.145977011494 0.000383141762452 0.0195402298851 0.119157088123 0.149808429119 0.46398467433 0.0463601532567 0.0540229885057 0.000383141762452 
0.00416666666667 0.0458333333333 0.00416666666667 0.5875 0.00416666666667 0.00416666666667 0.00416666666667 0.295833333333 0.0458333333333 0.00416666666667 
0.00404699738903 0.0262402088773 0.000130548302872 0.000130548302872 0.000130548302872 0.967493472585 0.00143603133159 0.000130548302872 0.000130548302872 0.000130548302872 
0.00045871559633 0.0830275229358 0.00045871559633 0.0646788990826 0.00504587155963 0.0600917431193 0.00045871559633 0.605963302752 0.165596330275 0.0142201834862 
0.000884955752212 0.00973451327434 0.000884955752212 0.0362831858407 0.000884955752212 0.00973451327434 0.000884955752212 0.850442477876 0.0893805309735 0.000884955752212 
0.000793650793651 0.000793650793651 0.000793650793651 0.286507936508 0.0325396825397 0.000793650793651 0.0246031746032 0.0325396825397 0.619841269841 0.000793650793651 
0.000568181818182 0.0119318181818 0.0289772727273 0.000568181818182 0.250568181818 0.0232954545455 0.000568181818182 0.0403409090909 0.000568181818182 0.642613636364 
0.0456090651558 0.0257790368272 0.00028328611898 0.056940509915 0.00028328611898 0.12209631728 0.708498583569 0.0229461756374 0.00878186968839 0.00878186968839 
0.000552486187845 0.000552486187845 0.0779005524862 0.0281767955801 0.039226519337 0.0060773480663 0.0944751381215 0.000552486187845 0.1 0.652486187845 
0.00344827586207 0.00344827586207 0.00344827586207 0.279310344828 0.451724137931 0.0379310344828 0.00344827586207 0.00344827586207 0.210344827586 0.00344827586207 
0.0015873015873 0.0015873015873 0.0015873015873 0.414285714286 0.0015873015873 0.0015873015873 0.0015873015873 0.557142857143 0.0174603174603 0.0015873015873 
0.00144927536232 0.00144927536232 0.00144927536232 0.26231884058 0.00144927536232 0.465217391304 0.233333333333 0.00144927536232 0.00144927536232 0.0304347826087 
0.507847800238 0.252199762188 0.000118906064209 0.000118906064209 0.0714625445898 0.102378121284 0.0239001189061 0.0393579072533 0.0013079667063 0.0013079667063 
0.0953488372093 0.00232558139535 0.00232558139535 0.327906976744 0.00232558139535 0.00232558139535 0.537209302326 0.00232558139535 0.00232558139535 0.0255813953488 
0.401111111111 0.00111111111111 0.0233333333333 0.156666666667 0.00111111111111 0.00111111111111 0.00111111111111 0.0122222222222 0.401111111111 0.00111111111111 
0.00384615384615 0.00384615384615 0.00384615384615 0.734615384615 0.0807692307692 0.00384615384615 0.00384615384615 0.157692307692 0.00384615384615 0.00384615384615 
0.10701754386 0.00175438596491 0.229824561404 0.405263157895 0.00175438596491 0.00175438596491 0.00175438596491 0.00175438596491 0.229824561404 0.019298245614 
0.00178571428571 0.00178571428571 0.00178571428571 0.341071428571 0.00178571428571 0.555357142857 0.0910714285714 0.00178571428571 0.00178571428571 0.00178571428571 
0.0334254143646 0.000276243093923 0.403591160221 0.000276243093923 0.000276243093923 0.000276243093923 0.000276243093923 0.196408839779 0.364917127072 0.000276243093923 
0.0121833534379 0.153317249698 0.000120627261761 0.000120627261761 0.000120627261761 0.0652593486128 0.0145958986731 0.0640530759952 0.634620024125 0.0556091676719 
0.0614512471655 0.000226757369615 0.000226757369615 0.00249433106576 0.208843537415 0.598866213152 0.0387755102041 0.000226757369615 0.0886621315193 0.000226757369615 
0.000259067357513 0.00544041450777 0.000259067357513 0.000259067357513 0.00544041450777 0.00284974093264 0.971761658031 0.0080310880829 0.000259067357513 0.00544041450777 
0.00208333333333 0.00208333333333 0.00208333333333 0.23125 0.00208333333333 0.00208333333333 0.00208333333333 0.60625 0.147916666667 0.00208333333333 
0.00175438596491 0.00175438596491 0.00175438596491 0.317543859649 0.00175438596491 0.00175438596491 0.668421052632 0.00175438596491 0.00175438596491 0.00175438596491 
0.000641025641026 0.000641025641026 0.000641025641026 0.000641025641026 0.000641025641026 0.00705128205128 0.000641025641026 0.776282051282 0.212179487179 0.000641025641026 
0.00354838709677 0.0325806451613 0.000322580645161 0.01 0.000322580645161 0.219677419355 0.732580645161 0.000322580645161 0.000322580645161 0.000322580645161 
0.0847417840376 0.0119718309859 0.000234741784038 0.00258215962441 0.0260563380282 0.0260563380282 0.0166666666667 0.742018779343 0.0894366197183 0.000234741784038 
0.294565217391 0.00108695652174 0.00108695652174 0.566304347826 0.0119565217391 0.00108695652174 0.00108695652174 0.0771739130435 0.00108695652174 0.0445652173913 
0.000196463654224 0.0493123772102 0.0041257367387 0.000196463654224 0.0257367387033 0.0257367387033 0.000196463654224 0.000196463654224 0.239882121807 0.65442043222 
0.163008849558 0.000176991150442 0.189557522124 0.00902654867257 0.0727433628319 0.0125663716814 0.000176991150442 0.276283185841 0.276283185841 0.000176991150442 
0.00112359550562 0.00112359550562 0.00112359550562 0.0460674157303 0.00112359550562 0.13595505618 0.810112359551 0.00112359550562 0.00112359550562 0.00112359550562 
0.00140845070423 0.0718309859155 0.114084507042 0.494366197183 0.00140845070423 0.043661971831 0.0718309859155 0.00140845070423 0.00140845070423 0.198591549296 
0.117286245353 0.0801115241636 0.00576208178439 0.000185873605948 0.0968401486989 0.0466542750929 0.000185873605948 0.00204460966543 0.0447955390335 0.606133828996 
0.000243309002433 0.000243309002433 0.000243309002433 0.000243309002433 0.00267639902676 0.876155717762 0.112165450122 0.000243309002433 0.00754257907543 0.000243309002433 
0.00222222222222 0.00222222222222 0.00222222222222 0.313333333333 0.00222222222222 0.00222222222222 0.00222222222222 0.00222222222222 0.00222222222222 0.668888888889 
0.00238095238095 0.00238095238095 0.383333333333 0.57380952381 0.00238095238095 0.00238095238095 0.00238095238095 0.00238095238095 0.0261904761905 0.00238095238095 
0.291 0.151 0.001 0.551 0.001 0.001 0.001 0.001 0.001 0.001 
0.000584795321637 0.000584795321637 0.000584795321637 0.000584795321637 0.146783625731 0.000584795321637 0.0122807017544 0.000584795321637 0.772514619883 0.0649122807018 
0.00360655737705 0.86262295082 0.00688524590164 0.0101639344262 0.000327868852459 0.000327868852459 0.00360655737705 0.000327868852459 0.000327868852459 0.111803278689 
0.56435709527 0.121985343105 6.66222518321e-05 6.66222518321e-05 0.0773484343771 0.141972018654 0.0173884077282 6.66222518321e-05 0.0766822118588 6.66222518321e-05 
0.00102040816327 0.00102040816327 0.00102040816327 0.14387755102 0.194897959184 0.00102040816327 0.00102040816327 0.00102040816327 0.654081632653 0.00102040816327 
0.00142857142857 0.00142857142857 0.00142857142857 0.501428571429 0.458571428571 0.0157142857143 0.00142857142857 0.0157142857143 0.00142857142857 0.00142857142857 
0.000251256281407 0.138442211055 0.000251256281407 0.000251256281407 0.130904522613 0.248994974874 0.000251256281407 0.299246231156 0.181155778894 0.000251256281407 
0.122413793103 0.00172413793103 0.743103448276 0.0879310344828 0.0189655172414 0.00172413793103 0.0189655172414 0.00172413793103 0.00172413793103 0.00172413793103 
0.0136771300448 0.000224215246637 0.000224215246637 0.000224215246637 0.953139013453 0.000224215246637 0.000224215246637 0.0226457399103 0.000224215246637 0.00919282511211 
0.0030303030303 0.7 0.0030303030303 0.0030303030303 0.0030303030303 0.0333333333333 0.0030303030303 0.0030303030303 0.0333333333333 0.215151515152 
0.000666666666667 0.000666666666667 0.000666666666667 0.000666666666667 0.000666666666667 0.000666666666667 0.994 0.000666666666667 0.000666666666667 0.000666666666667 
0.00185185185185 0.0203703703704 0.00185185185185 0.00185185185185 0.00185185185185 0.00185185185185 0.00185185185185 0.15 0.00185185185185 0.816666666667 
0.302739726027 0.138356164384 0.0013698630137 0.371232876712 0.0287671232877 0.124657534247 0.0013698630137 0.0287671232877 0.0013698630137 0.0013698630137 
0.00175438596491 0.00175438596491 0.00175438596491 0.142105263158 0.00175438596491 0.00175438596491 0.142105263158 0.00175438596491 0.00175438596491 0.70350877193 
0.0745714285714 0.208857142857 0.00314285714286 0.00314285714286 0.00314285714286 0.166 0.314571428571 0.0117142857143 0.214571428571 0.000285714285714 
0.0015873015873 0.0015873015873 0.0015873015873 0.38253968254 0.160317460317 0.0809523809524 0.350793650794 0.0015873015873 0.0015873015873 0.0174603174603 
0.063125 0.006875 0.081875 0.188125 0.019375 0.000625 0.000625 0.000625 0.638125 0.000625 
0.00486111111111 0.000231481481481 0.0627314814815 0.000231481481481 0.229398148148 0.000231481481481 0.000231481481481 0.699305555556 0.0025462962963 0.000231481481481 
0.191379310345 0.00172413793103 0.312068965517 0.312068965517 0.00172413793103 0.00172413793103 0.00172413793103 0.00172413793103 0.174137931034 0.00172413793103 
0.000980392156863 0.000980392156863 0.000980392156863 0.157843137255 0.000980392156863 0.000980392156863 0.000980392156863 0.000980392156863 0.83431372549 0.000980392156863 
0.0219346049046 0.075068119891 0.000136239782016 0.00286103542234 0.0110354223433 0.212670299728 0.65272479564 0.000136239782016 0.000136239782016 0.0232970027248 
0.000462962962963 0.000462962962963 0.940277777778 0.0421296296296 0.00972222222222 0.000462962962963 0.000462962962963 0.000462962962963 0.000462962962963 0.00509259259259 
0.408139534884 0.00116279069767 0.00116279069767 0.105813953488 0.187209302326 0.00116279069767 0.00116279069767 0.0244186046512 0.140697674419 0.129069767442 
0.298214285714 0.000595238095238 0.000595238095238 0.000595238095238 0.0482142857143 0.393452380952 0.000595238095238 0.000595238095238 0.256547619048 0.000595238095238 
0.000144717800289 0.141968162084 0.00448625180897 0.000144717800289 0.00593342981187 0.000144717800289 0.00159189580318 0.000144717800289 0.840955137482 0.00448625180897 
0.0488372093023 0.23488372093 0.00232558139535 0.188372093023 0.00232558139535 0.00232558139535 0.397674418605 0.00232558139535 0.0720930232558 0.0488372093023 
0.0873853211009 0.213532110092 0.339678899083 0.000229357798165 0.117201834862 0.00252293577982 0.0438073394495 0.000229357798165 0.117201834862 0.0782110091743 
0.00172413793103 0.00172413793103 0.00172413793103 0.363793103448 0.00172413793103 0.00172413793103 0.00172413793103 0.00172413793103 0.00172413793103 0.622413793103 
0.382894736842 0.0144736842105 0.00131578947368 0.264473684211 0.317105263158 0.00131578947368 0.00131578947368 0.00131578947368 0.00131578947368 0.0144736842105 
0.00032154340836 0.00675241157556 0.00353697749196 0.00032154340836 0.00032154340836 0.231832797428 0.704501607717 0.0453376205788 0.00032154340836 0.00675241157556 
0.000546448087432 0.000546448087432 0.94043715847 0.0497267759563 0.000546448087432 0.00601092896175 0.000546448087432 0.000546448087432 0.000546448087432 0.000546448087432 
0.523880597015 0.00149253731343 0.00149253731343 0.210447761194 0.00149253731343 0.00149253731343 0.0164179104478 0.00149253731343 0.240298507463 0.00149253731343 
0.002 0.082 0.002 0.322 0.002 0.002 0.002 0.002 0.162 0.422 
0.00227272727273 0.00227272727273 0.00227272727273 0.161363636364 0.00227272727273 0.00227272727273 0.00227272727273 0.706818181818 0.115909090909 0.00227272727273 
0.000934579439252 0.000934579439252 0.000934579439252 0.22523364486 0.000934579439252 0.271962616822 0.169158878505 0.328037383178 0.000934579439252 0.000934579439252 
0.179207920792 0.000990099009901 0.000990099009901 0.1 0.337623762376 0.000990099009901 0.000990099009901 0.000990099009901 0.090099009901 0.288118811881 
0.00102040816327 0.00102040816327 0.64387755102 0.337755102041 0.00102040816327 0.00102040816327 0.00102040816327 0.00102040816327 0.0112244897959 0.00102040816327 
0.00153846153846 0.00153846153846 0.00153846153846 0.647692307692 0.00153846153846 0.00153846153846 0.00153846153846 0.00153846153846 0.155384615385 0.186153846154 
0.0289473684211 0.00263157894737 0.00263157894737 0.397368421053 0.00263157894737 0.00263157894737 0.0289473684211 0.00263157894737 0.213157894737 0.318421052632 
0.0003861003861 0.0003861003861 0.425096525097 0.0003861003861 0.0467181467181 0.0003861003861 0.0003861003861 0.401930501931 0.123938223938 0.0003861003861 
0.00011273957159 0.159075535513 0.0147688838782 0.00011273957159 0.0125140924464 0.516459977452 0.198534385569 0.00574971815107 0.049718151071 0.0429537767756 
0.000406504065041 0.488211382114 0.000406504065041 0.000406504065041 0.000406504065041 0.15081300813 0.000406504065041 0.256504065041 0.0532520325203 0.0491869918699 
0.189160554197 0.0929910350448 0.0155664221679 8.1499592502e-05 8.1499592502e-05 0.0823960880196 8.1499592502e-05 0.0872860635697 0.521678891606 0.0106764466178 
